242
242
242
319
305
235
248
234
242
234
322
311
243
243
249
247
238
329
319
235
247
241
235
236
320
304
237
248
241
241
246
310
308
241
249
235
245
241
310
327
234
239
237
242
247
320
329
245
231
240
235
232
307
321
241
246
241
242
230
324
300
239
249
238
235
249
318
326
239
238
243
235
232
316
325
232
233
240
230
241
319
302
241
242
231
238
245
322
324
239
231
248
232
242
311
311
231
238
276
274
267
338
350
278
264
279
276
261
330
333
275
274
275
271
274
333
334
279
264
264
268
260
336
351
261
266
272
273
264
359
338
270
278
263
266
275
344
357
267
263
278
274
271
349
336
270
272
278
271
264
358
349
273
274
273
268
278
344
331
277
274
276
274
274
349
355
274
269
267
277
277
345
344
264
275
265
272
277
340
345
279
272
277
265
267
355
335
277
263
265
276
279
338
356
267
260
272
268
298
373
387
308
305
295
297
292
384
369
305
302
294
300
305
384
376
304
293
292
291
308
363
363
309
296
302
291
291
363
377
291
306
308
304
309
366
375
306
295
299
303
291
375
364
307
305
294
302
292
381
371
304
294
307
297
301
366
366
294
297
297
305
301
368
368
295
292
293
290
303
375
378
303
308
291
290
291
371
373
298
296
293
299
303
380
388
303
302
302
295
305
373
389
295
303
305
305
295
360
394
325
329
329
331
337
399
418
325
327
339
328
335
402
399
339
320
334
324
321
400
399
334
320
338
330
339
409
414
330
337
320
321
322
417
394
327
320
328
326
328
408
418
333
331
324
321
339
415
410
334
327
335
337
323
397
397
334
339
332
331
338
418
404
334
320
330
332
339
411
407
330
321
337
337
337
414
417
328
326
331
329
322
390
401
330
322
337
334
327
418
418
339
335
327
336
324
395
413
333
368
364
354
360
443
437
354
353
356
369
359
443
437
354
356
361
352
364
440
439
364
355
357
365
350
442
429
359
357
364
357
368
447
446
357
369
357
362
359
436
429
366
351
353
359
354
437
436
358
367
355
351
369
437
441
357
360
368
365
360
446
437
351
367
366
367
361
432
444
352
352
360
354
359
447
440
360
354
353
362
360
431
421
351
351
355
353
353
423
441
350
363
365
360
369
427
440
362
355
368
386
384
476
472
397
396
394
391
397
468
473
388
385
390
396
388
454
465
396
388
389
384
386
455
466
382
398
390
389
380
472
475
384
382
381
394
397
469
473
380
389
394
381
393
458
479
394
394
384
380
388
476
474
393
397
396
388
380
462
475
384
398
384
383
395
452
472
382
385
383
389
386
469
466
394
394
384
387
392
462
469
382
383
395
390
393
455
469
387
388
390
394
389
471
466
397
392
381
384
394
487
493
414
427
418
413
412
500
490
428
410
428
427
423
503
487
423
412
411
423
425
493
494
419
415
414
422
419
501
482
419
426
423
410
428
485
484
414
420
423
412
416
499
498
429
414
414
414
413
504
484
423
416
428
426
426
496
507
419
410
428
429
412
487
487
428
423
413
421
426
480
482
419
416
427
420
422
480
491
417
419
424
414
424
483
499
420
412
423
426
410
491
507
424
412
418
425
413
503
500
444
442
459
451
445
532
530
449
449
459
453
444
537
536
445
440
451
457
456
514
523
457
441
457
459
447
536
539
450
453
448
453
440
512
535
455
456
443
452
442
511
518
448
459
441
456
444
530
523
446
454
442
443
455
514
532
455
446
442
450
459
529
531
457
453
441
444
444
511
510
445
450
454
455
446
511
515
452
454
456
457
452
526
514
449
453
440
445
449
535
511
448
444
452
457
456
523
514
453
452
486
484
486
547
543
478
478
475
479
471
566
560
478
478
479
486
470
559
568
475
486
484
481
486
553
547
481
486
489
479
476
555
548
478
485
480
477
484
543
553
473
470
488
473
479
562
543
474
472
471
470
474
542
566
487
472
473
479
489
562
550
484
471
484
477
475
567
551
473
473
477
475
479
543
542
476
475
478
485
486
562
552
482
474
480
487
482
544
545
473
488
487
484
471
551
549
482
478
486
482
501
585
581
512
502
513
502
514
592
587
511
513
519
517
515
580
575
509
504
513
506
509
599
578
511
511
511
514
513
574
584
508
500
504
501
516
580
573
507
507
500
506
512
588
578
519
511
502
501
511
573
599
501
508
502
515
517
586
579
516
519
506
502
503
585
573
515
510
504
519
500
576
572
508
504
501
508
516
597
575
515
501
503
515
516
584
573
512
510
503
515
516
599
586
515
501
512
515
505
